6;2;7;2;7;1;23;2;23064780;1;1
9;4;4;4;4;2;12;1;17340279;1;1
27;5;2;1;13;1;6;4;1847227;1;2
15;3;5;2;6;1;17;4;8876011;1;1
18;5;8;5;15;5;21;5;23986068;1;1
14;3;3;2;9;2;6;1;20560880;1;2
22;4;4;3;18;4;3;2;48623189;1;1
24;4;6;4;13;1;6;1;23250430;1;2
2;2;3;2;1;4;2;1;17036991;1;1
11;5;7;1;6;3;19;4;51140038;1;1
8;2;3;2;4;2;1;75;29760186;1;1
23;1;3;5;16;4;22;2;2801992;1;2
4;2;8;2;20;5;22;5;25514673;1;2
5;4;5;5;4;1;10;1;18979639;1;1
22;5;5;3;2;5;14;3;36071093;1;1
6;2;7;2;5;3;3;4;6534053;1;2
4;3;4;2;20;5;24;1;23698831;1;1
21;4;8;4;11;4;15;2;48537883;1;2
19;1;3;3;18;3;11;3;15375898;1;1
3;1;3;1;9;3;21;1;50894028;1;1
